0
30000
-30000
-30000
30000
30000
-30000
30000
-30000
30000
-30000
-30000
-30000
-30000
-30000
30000
30000
-30000
-30000
30000
-30000
30000
-30000
30000
30000
30000
30000
0
0
0
0
0
0
0
0
0
0
0
30000
30000
-30000
-30000
30000
30000
-30000
30000
-30000
30000
30000
30000
30000
30000
30000
-30000
-30000
30000
30000
-30000
30000
-30000
30000
30000
30000
30000
0
30000
-30000
-30000
30000
30000
-30000
30000
-30000
30000
-30000
-30000
-30000
-30000
-30000
30000
30000
-30000
-30000
30000
-30000
30000
-30000
30000
30000
30000
30000
0
0
0
0
0
0
0
0
0
0
0
30000
30000
-30000
-30000
30000
30000
-30000
30000
-30000
30000
30000
30000
30000
30000
30000
-30000
-30000
30000
30000
-30000
30000
-30000
30000
30000
30000
30000
0
30000
-30000
-30000
30000
30000
-30000
30000
-30000
30000
-30000
-30000
-30000
-30000
-30000
30000
30000
-30000
-30000
30000
-30000
30000
-30000
30000
30000
30000
30000
0
0
0
0
0
5120
-878
-11358
-1327
3883
1160
7108
-2997
6568
-2974
-4132
-6083
528
-4709
4559
-1339
11264
-1339
4559
-4709
528
-6083
-4132
-2974
6568
-2997
7108
1160
3883
-1327
-11358
-878
5120
4109
2170
-3201
-3035
-294
-1367
-1355
3671
97
87
8690
-5472
-2426
-5260
-2852
15360
-2852
-5260
-2426
-5472
8690
87
97
3671
-1355
-1367
-294
-3035
-3201
2170
4109
5120
-878
-11358
-1327
3883
1160
7108
-2997
6568
-2974
-4132
-6083
528
-4709
4559
-1339
5120
-878
-11358
-1327
3883
1160
7108
-2997
6568
-2974
-4132
-6083
528
-4709
4559
-1339
11264
-1339
4559
-4709
528
-6083
-4132
-2974
6568
-2997
7108
1160
3883
-1327
-11358
-878
5120
4109
2170
-3201
-3035
-294
-1367
-1355
3671
97
87
8690
-5472
-2426
-5260
-2852
15360
-2852
-5260
-2426
-5472
8690
87
97
3671
-1355
-1367
-294
-3035
-3201
2170
4109
5120
-878
-11358
-1327
3883
1160
7108
-2997
6568
-2974
-4132
-6083
528
-4709
4559
-1339
16631
6261
-3899
-323
11374
-13553
-12438
698
-5470
-2357
4177
5084
17916
4163
26755
11696
17870
19748
27820
25309
11179
-1185
-2711
-14177
-175
1803
-4950
2359
-3258
-10687
10147
15243
-3848
-5238
8799
-12450
8050
-8799
8835
-8905
-10913
2564
12706
11263
-8381
-166
6197
-2236
-12288
-6236
5133
3663
3153
-13113
19596
-1971
175
1826
1346
-6939
-5284
-7796
-5247
4451
16631
6261
-3899
-323
11374
-13553
-12438
698
-5470
-2357
4177
5084
17916
4163
26755
11696
18679
9195
-9586
1026
3222
-10708
3439
-3019
-10415
-1778
2303
15926
-10101
18388
24214
20252
24014
23100
20511
13814
9260
-2806
2439
1967
673
-12964
-2824
-626
-1038
-4553
9107
-942
6391
-2804
17958
-10147
-7670
-15891
15324
1456
-10064
-2007
7349
-408
12146
1815
11535
-21295
-6144
-11405
777
14103
4369
-1930
268
11782
-4769
-6134
-1740
-5719
8176
-12282
1186
-5403
18679
9195
-9586
1026
3222
-10708
3439
-3019
-10415
-1778
2303
15926
-10101
18388
24214
20252
-7944
-4330
14795
876
-5505
6363
9659
-15091
-672
-9667
-1300
-1784
4940
21060
16670
29470
34254
21418
15606
-85
11676
4485
5588
2152
-5967
-16196
2170
-9549
9127
11240
748
-13313
12535
2319
-6086
4099
-8830
-312
-7616
3856
17056
-3202
-3846
-11559
15185
-3961
-3911
-5837
12288
-1837
-2847
-7792
3650
12817
-10735
1333
5967
-6874
-127
-2172
4504
-553
7960
-7370
-7944
-4330
14795
876
-5505
6363
9659
-15091
-672
-9667
-1300
-1784
4940
21060
16670
29470
-9992
-7265
20482
-472
2646
3518
-6218
-11373
4272
-10245
573
-12626
32957
6834
19211
20913
28110
18066
22915
11409
13595
6105
437
-13991
-6816
-1428
44
-6563
6907
5107
1788
2872
2295
-115
-15245
1796
6890
6779
-14105
-6504
16207
1368
1511
112
-5342
-5943
-9249
13221
6144
3331
1508
-18232
2434
1634
8592
-12421
10912
1085
2959
-3392
-8956
3931
1526
2484
-9992
-7265
20482
-472
2646
3518
-6218
-11373
4272
-10245
573
-12626
32957
6834
19211
20913
