0
0
0
0
0
0
0
0
0
0
0
0
0
0
0
0
0
0
0
0
0
0
0
0
0
0
0
0
0
0
0
0
0
0
0
0
0
0
0
0
0
0
0
0
0
0
0
0
0
0
0
0
0
0
0
0
0
0
0
0
0
0
0
0
0
0
0
0
0
0
0
0
0
0
0
0
0
0
0
0
0
0
0
0
0
0
0
0
0
0
0
0
0
0
0
0
0
0
0
0
0
0
0
0
0
0
0
0
0
0
0
0
0
0
0
0
0
0
0
0
0
0
0
0
0
0
0
0
0
0
0
0
0
0
0
0
0
0
0
0
0
0
0
0
0
0
0
0
0
0
0
0
0
0
0
0
0
0
0
0
2048
-5199
-2059
-1191
-1123
9019
-2201
-6096
7240
3092
-4023
1155
3119
-7047
-7041
8229
0
-8229
7041
7047
-3119
-1155
4023
-3092
-7240
6096
2201
-9019
1123
1191
2059
5199
-2048
332
5176
-10305
-1772
2652
6885
-1693
-7240
-178
-2877
14950
-6016
-16
-1426
-2393
0
2393
1426
16
6016
-14950
2877
178
7240
1693
-6885
-2652
1772
10305
-5176
-332
2048
-5199
-2059
-1191
-1123
9019
-2201
-6096
7240
3092
-4023
1155
3119
-7047
-7041
8229
2048
-5199
-2059
-1191
-1123
9019
-2201
-6096
7240
3092
-4023
1155
3119
-7047
-7041
8229
0
-8229
7041
7047
-3119
-1155
4023
-3092
-7240
6096
2201
-9019
1123
1191
2059
5199
-2048
332
5176
-10305
-1772
2652
6885
-1693
-7240
-178
-2877
14950
-6016
-16
-1426
-2393
0
2393
1426
16
6016
-14950
2877
178
7240
1693
-6885
-2652
1772
10305
-5176
-332
2048
-5199
-2059
-1191
-1123
9019
-2201
-6096
7240
3092
-4023
1155
3119
-7047
-7041
8229
-4096
-5002
-10441
4330
13740
-3178
4746
-2416
-6144
9239
-9844
-739
-4604
3131
6441
3420
-4096
-1672
4659
-2628
-1426
-2484
2860
225
-3744
-3675
4140
8394
-3275
15477
-25475
-2761
12288
-5945
2266
8181
-6748
3949
-5535
-956
-6144
12114
5722
-2386
-2387
-11557
373
1438
4096
-2994
11707
2179
2626
-12945
1321
-17781
7840
9520
8173
-5746
2075
-3976
-1117
7245
-4096
-5002
-10441
4330
13740
-3178
4746
-2416
-6144
9239
-9844
-739
-4604
3131
6441
3420
2048
-8387
7202
2189
-4700
5081
5998
-33
-8192
-88
2520
-6837
-339
2855
8049
2973
-6144
-3376
-7582
8315
4674
3944
-5916
-9587
5792
11484
-19351
6739
4123
-10703
22358
-4570
2048
-8966
-13826
-4930
15788
2013
3320
10775
-8192
-2728
-6928
-3916
-2556
10952
-66
-203
2048
-199
-2176
218
621
1022
1396
-6947
-5792
676
7375
9807
-1227
-3582
-2373
-3991
2048
-8387
7202
2189
-4700
5081
5998
-33
-8192
-88
2520
-6837
-339
2855
8049
2973
4096
5002
10441
-4330
-13740
3178
-4746
2416
6144
-9239
9844
739
4604
-3131
-6441
-3420
4096
1672
-4659
2628
1426
2484
-2860
-225
3744
3675
-4140
-8394
3275
-15477
25475
2761
-12288
5945
-2266
-8181
6748
-3949
5535
956
6144
-12114
-5722
2386
2387
11557
-373
-1438
-4096
2994
-11707
-2179
-2626
12945
-1321
17781
-7840
-9520
-8173
5746
-2075
3976
1117
-7245
4096
5002
10441
-4330
-13740
3178
-4746
2416
6144
-9239
9844
739
4604
-3131
-6441
-3420
-2048
8387
-7202
-2189
4700
-5081
-5998
33
8192
88
-2520
6837
339
-2855
-8049
-2973
6144
3376
7582
-8315
-4674
-3944
5916
9587
-5792
-11484
19351
-6739
-4123
10703
-22358
4570
-2048
8966
13826
4930
-15788
-2013
-3320
-10775
8192
2728
6928
3916
2556
-10952
66
203
-2048
199
2176
-218
-621
-1022
-1396
6947
5792
-676
-7375
-9807
1227
3582
2373
3991
-2048
8387
-7202
-2189
4700
-5081
-5998
33
8192
88
-2520
6837
339
-2855
-8049
-2973
